{"fiducials":[{"transform":[1,0,0,5.9368,0,1,0,0.0968,0,0,1,0,0,0,0,1],"size":152.4,"id":0,"family":"apriltag3_16h5_classic","unique":1},{"transform":[1,0,0,6.3721,0,1,0,0.3479,0,0,1,0,0,0,0,1],"size":152.4,"id":2,"family":"apriltag3_16h5_classic","unique":1},{"transform":[1,0,0,6.5273,0,1,0,1.9617,0,0,1,-0.05,0,0,0,1],"size":152.4,"id":3,"family":"apriltag3_16h5_classic","unique":1},{"transform":[1,0,0,6.5273,0,0.9981876932544915,0.06017747946929345,2.1842,0,-0.06017747946929345,0.9981876932544915,0.5713,0,0,0,1],"size":152.4,"id":4,"family":"apriltag3_16h5_classic","unique":1},{"transform":[1,0,0,5.7877,0,1,0,3.23,0,0,1,0,0,0,0,1],"size":152.4,"id":5,"family":"apriltag3_16h5_classic","unique":1},{"transform":[1,0,0,0.725,0,1,0,0.0323,0,0,1,0,0,0,0,1],"size":152.4,"id":6,"family":"apriltag3_16h5_classic","unique":1},{"transform":[1,0,0,-0.015,0,1,0,2.1842,0,0,1,0,0,0,0,1],"size":152.4,"id":7,"family":"apriltag3_16h5_classic","unique":1},{"transform":[1,0,0,0,0,1,0,1.9617,0,0,1,0,0,0,0,1],"size":152.4,"id":8,"family":"apriltag3_16h5_classic","unique":1},{"transform":[1,0,0,0.1402,0,0.5000000000000001,-0.8660254037844386,0.0968,0,0.8660254037844386,0.5000000000000001,0.5338,0,0,0,1],"size":152.4,"id":9,"family":"apriltag3_16h5_classic","unique":1},{"transform":[1,0,0,0,0,0.5000000000000001,-0.8660254037844386,0.0968,0,0.8660254037844386,0.5000000000000001,0.5338,0,0,0,1],"size":152.4,"id":10,"family":"apriltag3_16h5_classic","unique":1},{"transform":[1,0,0,4.6869,0,1,0,1.4619,0,0,1,0,0,0,0,1],"size":152.4,"id":11,"family":"apriltag3_16h5_classic","unique":1},{"transform":[1,0,0,4.6869,0,0.5000000000000001,-0.8660254037844386,1.771,0,0.8660254037844386,0.5000000000000001,0.0052,0,0,0,1],"size":152.4,"id":12,"family":"apriltag3_16h5_classic","unique":1},{"transform":[1,0,0,4.4174,0,-1,-1.2246467991473532e-16,1.6162,0,1.2246467991473532e-16,-1,0.0052,0,0,0,1],"size":152.4,"id":13,"family":"apriltag3_16h5_classic","unique":1},{"transform":[1,0,0,0,0,1,0,1.6162,0,0,1,0,0,0,0,1],"size":152.4,"id":14,"family":"apriltag3_16h5_classic","unique":1},{"transform":[1,0,0,1.8273,0,1,0,1.771,0,0,1,0,0,0,0,1],"size":152.4,"id":15,"family":"apriltag3_16h5_classic","unique":1},{"transform":[1,0,0,1.8273,0,-0.4999999999999998,-0.8660254037844388,1.4619,0,0.8660254037844388,-0.4999999999999998,0.0052,0,0,0,1],"size":152.4,"id":16,"family":"apriltag3_16h5_classic","unique":1}]}